Run time =  7.39 mins
Number of regions =  63
Number of timesteps =  3
beta =  -0.10231666822337007
ftol, Lambda, conv_per, K, sf =  [0.0001, 12.3, 0.1, 80, 1.0]
s =  [13620 15928 93563 14342 346972 50976 202918 194219 148577 153530 204718
 204275 211856 179830 198170 89666 50661 184118 173870 208998 2483 23919
 176126 197594 199013 202889 83547 181192 212245 83397 83216 62656 182476
 210871 223546 189441 186184 223953 230356 183047 179829 181097 184754
 206773 204672 208100 20355 162015 188542 191873 196410 196097 190133
 192133 189270 150365 150857 184045 173109 175903 18314 186807 189420]
Rounds =  6
