Run time =  4.87 mins
Number of regions =  63
Number of timesteps =  3
beta =  0.007460955765297852
ftol, Lambda, conv_per, K =  [0.0001, 10.0, 0.1, 80]
s =  [12188 16353 31709 3438 51375 27093 44276 40805 34687 37822 35493 45324
 47441 31587 42819 30727 28401 35272 28591 47182 9410 17711 30325 42415
 42965 44710 27470 33751 30389 26104 26016 20278 34420 47093 54148 37889
 36313 54259 56250 34812 33167 33839 35627 45549 44756 46065 19384 32587
 37418 38190 41231 41098 37385 39318 24797 20088 20298 34410 29778 31197
 15814 27531 36605]
Rounds =  4
