Run time =  1.43 mins
Number of regions =  63
Number of timesteps =  3
beta =  -3.411837195947305
ftol, Lambda, conv_per, K =  [0.0001, 10.0, 0.1, 80]
s =  [80294 90482 506960 32283 639457 155689 238742 213903 184430 196165 193287
 267760 269026 173652 226859 169742 159550 210214 160220 282836 67100
 124253 167938 224260 228221 263255 155256 179602 167954 154956 154619
 135510 183049 288790 334192 228242 212821 335496 356948 204934 199474
 177173 177496 273225 257972 274973 109582 165025 219107 228374 244277
 243284 226229 231909 166505 157502 158418 209824 183905 190315 104583
 174722 222579]
Rounds =  3
