Run time =  3.27 mins
Number of regions =  63
Number of timesteps =  4
beta =  0.004059443886263321
ftol, Lambda, conv_per, K, sf =  [0.0001, 0.895, 0.1, 80, 1.0]
s =  [30225 30325 230730 33001 345806 161301 253117 250006 180920 203446 182532
 283314 283725 215713 226568 171087 125879 205583 164043 342496 29662
 89503 176161 248878 254863 352809 134253 188919 143954 180551 144802
 120168 193224 299130 350285 200813 204580 345429 686804 193392 171089
 198529 195954 255820 270854 264166 75542 168852 235846 222882 263074
 238629 196546 212168 100805 93570 99639 164519 134152 172109 86971 132952
 315023]
Rounds =  1
