Run time =  7.6 mins
Number of regions =  63
Number of timesteps =  3
beta =  0.007002399049046536
ftol, Lambda, conv_per, K, sf =  [0.0001, 10.0, 0.1, 80, 1.0]
s =  [60687 66336 151364 30157 201753 117460 179956 166714 144910 154746 152312
 182818 191909 134594 174208 130702 118972 147920 120293 188886 40909
 80183 128786 172884 174900 181124 114761 140984 129280 114388 113981
 91271 143997 191305 202688 159265 152629 202949 207040 145955 138373
 141415 149549 186633 184058 188207 73831 135642 157340 163770 171785
 171308 160538 164302 101071 90470 91510 147875 121876 128647 69172 110310
 157650]
Rounds =  6
