Run time =  5.07 mins
Number of regions =  63
Number of timesteps =  3
beta =  0.0133596240960609
ftol, Lambda, conv_per, K =  [0.0001, 10.0, 0.1, 80]
s =  [181763 200394 441803 91204 594075 344773 529881 490718 426451 455006
 448238 539241 566707 396553 513241 385160 351492 435197 354918 557368
 124378 239680 379667 509240 515086 533953 339015 415059 380946 337966
 336658 271526 423734 564615 599350 468560 449040 600136 612755 429447
 407329 416171 439998 550395 542668 555296 221304 399340 462903 481945
 505947 504467 472383 483579 299558 269140 272224 435001 359446 379033
 207619 326171 463457]
Rounds =  5
